0.000000	-4701.433105	-0.000213	172.787512	171.189083	4850.318540	31698.088749	2.000000
1.000000	2880.014160	0.000347	160.002926	134.751076	-2729.073839	41407.689569	2.000000
2.000000	2500.776367	0.000400	146.380410	134.064135	-2349.634105	42273.096659	3.000000
3.000000	4186.933594	0.000239	134.159616	116.761350	-4036.281855	42189.272642	2.000000
4.000000	4094.773438	0.000244	115.960087	96.305769	-3943.654489	43275.354510	2.000000
5.000000	5419.988770	0.000185	103.450951	75.115158	-5268.927745	45314.554864	2.000000
6.000000	2073.197998	0.000482	134.912879	124.867251	-1921.344709	41607.143617	1.000000
7.000000	3951.672119	0.000253	128.365686	102.511766	-3800.760841	45356.785867	2.000000
8.000000	6918.469727	0.000145	155.504683	124.863280	-6768.127471	61443.000140	3.000000
9.000000	-1066.440308	-0.000938	146.685625	163.522912	1212.369853	89130.365770	3.000000
10.000000	3488.132568	0.000287	137.522790	113.243911	-3337.176147	109411.219168	2.000000
11.000000	1552.367188	0.000644	148.194021	145.852030	-1400.253244	107580.530662	2.000000
12.000000	1862.826294	0.000537	152.253971	152.384962	-1711.234210	122991.224061	1.000000
13.000000	1174.486084	0.000851	155.528461	157.197022	-1021.437792	107585.835742	2.000000
14.000000	1026.751465	0.000974	147.525549	156.672285	-873.113870	81499.440315	3.000000
15.000000	692.606873	0.001444	143.161874	152.018644	-537.276720	77559.314293	2.000000
16.000000	1277.730591	0.000783	140.901417	159.690141	-1125.049276	57010.304423	1.000000
17.000000	1053.361328	0.000949	146.182766	161.355676	-900.196412	72939.445444	2.000000
18.000000	1007.841492	0.000992	149.723126	161.130199	-854.393286	60457.068177	2.000000
19.000000	1155.529541	0.000865	146.452011	165.670413	-1002.558310	93760.891302	2.000000
20.000000	672.601624	0.001487	153.178583	163.305563	-517.290285	86972.632531	2.000000
21.000000	972.910828	0.001028	159.621264	162.571507	-819.185713	48648.832994	1.000000
22.000000	1227.397827	0.000815	162.080890	169.329812	-1074.363487	49408.153889	2.000000
23.000000	708.279663	0.001412	160.020690	158.670713	-552.854840	44039.412657	2.000000
24.000000	1890.334717	0.000529	165.296297	178.323061	-1738.249063	47932.001411	2.000000
25.000000	5554.083496	0.000180	201.077332	252.695982	-5402.653348	52328.652961	2.000000
26.000000	6097.073730	0.000164	180.039068	295.493415	-5944.728238	53286.148460	2.000000
27.000000	-2479.593262	-0.000403	148.275475	94.991663	2627.160598	58811.536861	2.000000
28.000000	-6090.322266	-0.000164	159.986374	47.571300	6238.644023	46334.196950	2.000000
29.000000	-1367.224121	-0.000731	158.946831	130.178079	1513.902184	63412.291657	2.000000
30.000000	-1882.815063	-0.000531	160.477199	122.790671	2030.243736	48297.814627	3.000000
31.000000	-6100.821289	-0.000164	187.437783	59.689399	6249.108863	46045.172448	2.000000
32.000000	-1458.432739	-0.000686	163.922895	129.747872	1605.276229	46384.385590	2.000000
33.000000	-1621.796631	-0.000617	157.894616	127.983871	1768.942073	34918.717639	2.000000
34.000000	-1030.757568	-0.000970	152.170772	134.065393	1176.636732	60961.917304	2.000000
35.000000	-1876.728760	-0.000533	155.543121	118.534032	2024.059024	39696.579758	2.000000
36.000000	2641.317871	0.000379	136.934927	195.788600	-2489.754752	51742.452037	2.000000
37.000000	2066.546875	0.000484	133.345581	191.529820	-1914.495023	62981.763091	3.000000
38.000000	-5704.874512	-0.000175	186.819153	19.691361	5852.419334	64689.521936	2.000000
39.000000	-4036.073975	-0.000248	168.999505	43.824206	4183.355333	54391.897426	2.000000
40.000000	-1852.018921	-0.000540	150.125281	96.023033	1998.799619	74754.355730	2.000000
41.000000	-5679.451172	-0.000176	189.510112	10.479858	5826.561837	55992.454974	2.000000
42.000000	-5874.430664	-0.000170	194.717437	32.251564	6022.210061	45359.797230	2.000000
43.000000	2487.165527	0.000402	145.457593	205.825233	-2335.143756	39227.804214	2.000000
44.000000	1650.008057	0.000606	139.123775	187.075293	-1497.346168	41400.460347	1.000000
45.000000	969.169128	0.001032	146.738033	174.113745	-815.123350	44940.763666	2.000000
46.000000	1031.934937	0.000969	145.282182	173.846033	-878.134423	60067.329257	2.000000
47.000000	1001.950684	0.000998	152.331266	171.717603	-847.965874	51888.179728	2.000000
48.000000	1138.089600	0.000879	148.662279	171.959042	-984.521660	62288.225501	3.000000
49.000000	-7761.293457	-0.000129	130.958321	36.084018	7909.865247	69407.778134	2.000000
50.000000	-9281.523438	-0.000108	116.976854	53.472025	9430.368689	51922.290698	2.000000
51.000000	-5409.816406	-0.000185	128.990150	92.741269	5558.384515	51687.906399	2.000000
52.000000	-6448.957520	-0.000155	110.685274	76.474157	6597.518483	44820.407310	2.000000
53.000000	2981.313477	0.000335	174.100540	188.098331	-2829.845018	37128.787869	2.000000
54.000000	5121.461426	0.000195	202.072839	237.372507	-4969.962344	39415.821203	2.000000
55.000000	4292.512207	0.000233	195.468707	223.535645	-4141.204795	59559.867595	2.000000
56.000000	4940.092285	0.000202	198.027221	247.968683	-4788.529331	59360.175402	2.000000
57.000000	1658.177979	0.000603	160.928445	178.286832	-1505.719505	49072.758887	3.000000
58.000000	1038.593262	0.000963	161.407992	161.872156	-884.793568	51607.683725	3.000000
59.000000	666.591125	0.001500	158.335410	160.492415	-510.495330	47365.709271	2.000000
60.000000	984.099548	0.001016	163.295702	163.919938	-830.196107	56039.647559	2.000000
61.000000	733.524658	0.001363	162.377047	159.428024	-578.135418	48325.041883	3.000000
62.000000	644.211487	0.001552	161.942062	158.147143	-488.174450	67573.642200	2.000000
63.000000	609.072327	0.001642	161.154819	158.043782	-452.743199	75988.342228	3.000000
64.000000	713.636719	0.001401	164.261030	162.386162	-558.002143	90409.074179	2.000000
65.000000	1086.994995	0.000920	167.575728	166.088065	-933.389059	75527.158202	2.000000
66.000000	1374.637573	0.000727	174.940753	160.578972	-1221.724535	66310.911858	2.000000
67.000000	1064.989258	0.000939	165.362311	156.092084	-911.436563	68618.114436	3.000000
68.000000	1002.285828	0.000998	166.192219	156.036601	-848.496506	55083.950108	2.000000
69.000000	1018.484985	0.000982	164.106191	159.015180	-864.814351	58565.204906	2.000000
70.000000	1740.267700	0.000575	190.316700	164.304980	-1587.600309	96723.208958	3.000000
71.000000	-4561.130859	-0.000219	61.147219	126.998662	4709.106710	98345.497683	2.000000
72.000000	-2195.565918	-0.000455	117.120011	135.701340	2343.281315	80643.815471	2.000000
73.000000	-6403.884766	-0.000156	65.845744	128.135143	6552.513039	90995.125174	2.000000
74.000000	-3245.230469	-0.000308	81.469240	135.544077	3393.323490	89234.530940	2.000000
75.000000	3366.304199	0.000297	210.133382	168.143141	-3214.703508	113756.198674	2.000000
76.000000	2077.175293	0.000481	184.269279	163.923900	-1925.007209	85069.677394	2.000000
77.000000	3174.522949	0.000315	207.541601	178.520936	-3022.727723	47258.286262	2.000000
78.000000	1481.396362	0.000675	179.893349	164.325836	-1328.523331	46736.308823	2.000000
79.000000	1084.676025	0.000922	173.419335	162.615085	-930.999573	37689.173675	2.000000
80.000000	986.939026	0.001013	171.203044	162.283332	-832.894051	43176.395506	2.000000
81.000000	4520.918945	0.000221	247.023132	195.518020	-4369.121397	42590.536293	2.000000
82.000000	1627.165649	0.000615	183.054641	163.476247	-1474.617767	41730.333458	1.000000
83.000000	2344.161865	0.000427	190.719606	179.580687	-2192.180622	48304.005842	2.000000
84.000000	1266.869263	0.000789	179.969614	157.055993	-1113.587986	58576.140351	2.000000
85.000000	1812.697266	0.000552	194.077786	171.695268	-1660.000196	47465.430537	2.000000
86.000000	820.605347	0.001219	171.368577	158.902079	-665.638104	55012.690701	2.000000
87.000000	676.727966	0.001478	168.938623	158.924790	-520.777518	64588.924745	3.000000
88.000000	734.763062	0.001361	171.583107	157.750420	-579.124015	70022.743484	2.000000
89.000000	704.635315	0.001419	167.580660	158.750225	-548.899869	69091.278466	3.000000
90.000000	842.087646	0.001188	169.139011	164.564846	-687.286164	72698.757206	2.000000
91.000000	513.533752	0.001947	161.228655	155.847782	-355.968575	70043.167934	2.000000
92.000000	544.689209	0.001836	160.705332	159.761543	-387.342515	71411.487069	2.000000
93.000000	467.821320	0.002138	162.289280	155.147617	-309.200147	68331.481018	2.000000
94.000000	388.990784	0.002571	157.836334	155.791512	-228.828683	65566.800301	2.000000
95.000000	340.620392	0.002936	157.166900	154.621530	-178.902120	50960.354714	2.000000
96.000000	364.716675	0.002742	159.093729	154.962831	-203.809377	77316.829106	2.000000
97.000000	324.378265	0.003083	156.198724	154.965863	-162.199116	72117.895462	2.000000
98.000000	323.540253	0.003091	154.299564	155.989743	-161.322276	65811.714821	2.000000
99.000000	312.611603	0.003199	153.580922	154.742189	-149.883562	57711.830344	2.000000
100.000000	348.265503	0.002871	155.828580	156.628332	-186.797069	58231.720289	2.000000
101.000000	319.526001	0.003130	154.523725	158.622021	-157.057193	75774.107108	2.000000
102.000000	287.668488	0.003476	154.474470	154.785853	-124.031162	75665.618160	2.000000
103.000000	293.951569	0.003402	155.176273	154.837296	-130.420526	70594.901798	2.000000
104.000000	305.989288	0.003268	156.952627	153.820985	-142.955536	67974.428552	2.000000
105.000000	332.442566	0.003008	157.537470	155.286833	-170.563348	59023.401257	2.000000
106.000000	383.273590	0.002609	156.696896	161.257533	-222.894557	62181.617356	2.000000
107.000000	377.532104	0.002649	155.679104	160.164451	-216.748427	51189.071064	2.000000
108.000000	402.020874	0.002487	155.449413	161.008011	-241.849693	71908.963871	2.000000
109.000000	365.055023	0.002739	156.437181	158.631088	-203.823770	64165.820170	3.000000
110.000000	376.899750	0.002653	155.176523	160.726400	-216.273961	80182.137845	2.000000
111.000000	351.470245	0.002845	153.518381	160.589116	-190.072888	54522.081052	2.000000
112.000000	328.822815	0.003041	155.403804	158.451950	-166.814996	68913.033687	2.000000
113.000000	339.427917	0.002946	158.462929	160.561740	-177.688071	84781.072134	2.000000
114.000000	327.653259	0.003052	159.579996	158.857356	-165.232445	63584.701309	2.000000
115.000000	399.415405	0.002504	161.694204	164.544920	-239.210922	66028.323133	2.000000
116.000000	488.661316	0.002046	163.835356	168.010725	-330.266392	96472.295899	2.000000
117.000000	545.801636	0.001832	168.586220	172.956424	-387.977149	97871.895581	2.000000
118.000000	611.882019	0.001634	171.720194	177.030073	-454.609142	80891.179987	2.000000
119.000000	696.867859	0.001435	175.753312	177.029997	-540.281796	100045.010939	2.000000
120.000000	626.339355	0.001597	173.301931	176.833044	-469.219263	66921.899311	2.000000
121.000000	657.158813	0.001522	175.691861	177.068662	-500.258429	59838.431001	2.000000
122.000000	793.504333	0.001260	178.889573	186.292254	-637.310699	89611.830190	2.000000
123.000000	700.006287	0.001429	177.167684	180.757488	-543.300670	63555.109880	2.000000
124.000000	655.705627	0.001525	177.487971	177.485212	-498.553794	79110.027623	3.000000
125.000000	510.511932	0.001959	172.240995	171.496461	-351.861672	65467.690250	2.000000
126.000000	560.611145	0.001784	173.912463	172.369280	-402.651043	78557.893984	2.000000
127.000000	511.205597	0.001956	169.302743	169.547527	-352.788490	59341.559686	2.000000
128.000000	399.605743	0.002502	163.337701	164.270741	-239.266871	62739.247275	2.000000
129.000000	403.074066	0.002481	164.016784	165.230184	-242.868550	89862.427567	2.000000
130.000000	389.890930	0.002565	164.296709	166.909805	-229.340004	88340.747879	2.000000
131.000000	379.955811	0.002632	161.869804	166.952829	-219.147430	93709.739220	2.000000
132.000000	403.637726	0.002477	163.280829	168.352773	-243.244049	75928.046871	2.000000
133.000000	503.281769	0.001987	165.697040	170.180779	-344.871865	67165.378954	2.000000
134.000000	497.586090	0.002010	164.944563	169.962433	-338.903307	54610.647720	2.000000
135.000000	377.836395	0.002647	162.730906	165.062354	-216.814652	49814.089255	2.000000
136.000000	380.640808	0.002627	163.700052	166.909456	-219.763954	55659.960256	2.000000
137.000000	374.198792	0.002672	164.529325	163.774658	-213.003458	45438.327213	2.000000
138.000000	369.118347	0.002709	164.336803	163.431100	-207.873465	46520.273870	2.000000
139.000000	284.286743	0.003518	159.498068	160.347738	-120.012528	36548.596274	2.000000
140.000000	280.049164	0.003571	159.354021	160.170834	-115.214943	36140.427953	2.000000
141.000000	266.289581	0.003755	161.206842	158.055853	-101.020067	41011.209429	2.000000
142.000000	292.265320	0.003422	161.930971	160.647714	-127.832073	41281.908804	2.000000
143.000000	300.301086	0.003330	163.215755	160.284760	-136.750715	39285.706050	2.000000
144.000000	271.222107	0.003687	161.337668	160.940935	-105.911654	45400.182907	1.000000
145.000000	259.804840	0.003849	161.336677	160.976346	-93.898084	54688.945600	2.000000
146.000000	296.282745	0.003375	162.637505	163.669261	-131.996944	51954.569362	2.000000
147.000000	252.601791	0.003959	161.441787	162.109985	-86.114635	48137.943140	3.000000
148.000000	256.298828	0.003902	161.790351	160.968920	-90.252201	42552.193747	2.000000
149.000000	262.664185	0.003807	162.530320	160.411609	-96.933808	39939.352531	2.000000
150.000000	225.136322	0.004442	161.513945	159.494062	-56.725468	46560.205578	1.000000
151.000000	245.675369	0.004070	163.071466	160.422580	-78.951071	55017.768266	2.000000
152.000000	279.359344	0.003580	164.337224	161.236692	-114.509439	55520.223768	2.000000
153.000000	252.762802	0.003956	163.906059	162.799447	-86.415379	46111.212366	2.000000
154.000000	223.799789	0.004468	161.091909	161.275015	-55.300021	44277.863946	2.000000
155.000000	211.065491	0.004738	159.688027	160.270762	-41.688252	59459.058452	2.000000
156.000000	201.913467	0.004953	158.471058	159.271214	-32.001818	58080.132326	2.000000
157.000000	192.855301	0.005185	157.945786	158.636704	-21.939090	73624.413633	2.000000
158.000000	220.486740	0.004535	158.646402	160.472707	-51.928633	72589.003954	1.000000
159.000000	242.783661	0.004119	161.615672	162.033007	-75.571222	47098.254885	2.000000
160.000000	247.289490	0.004044	162.421712	161.524703	-80.517099	47747.536423	2.000000
161.000000	267.293976	0.003741	164.005930	159.839909	-101.685137	53634.092507	2.000000
162.000000	277.667542	0.003601	162.437184	161.443338	-112.531914	53398.634530	2.000000
163.000000	290.613678	0.003441	163.179804	161.903172	-126.365330	64859.266076	2.000000
164.000000	287.684570	0.003476	161.518661	162.542533	-123.333456	57962.714518	2.000000
165.000000	284.884399	0.003510	161.407653	159.814137	-120.439532	63040.629944	2.000000
166.000000	255.286301	0.003917	160.412994	158.987845	-89.170914	59369.824886	2.000000
167.000000	242.209946	0.004129	159.770517	159.673982	-74.759166	53768.170539	2.000000
168.000000	225.073868	0.004443	159.894600	159.120458	-56.975410	82611.378222	2.000000
169.000000	236.488739	0.004229	159.569737	160.636469	-69.155924	87172.726009	2.000000
170.000000	207.330078	0.004823	159.957935	159.066882	-37.398084	60982.383825	2.000000
171.000000	241.835419	0.004135	163.960222	161.133914	-74.985878	66245.859202	1.000000
172.000000	232.617966	0.004299	161.905643	160.712590	-64.698627	83790.643716	2.000000
173.000000	273.021667	0.003663	164.882497	162.914206	-107.844359	79645.661281	2.000000
174.000000	298.421478	0.003351	167.460655	163.792587	-134.362646	87288.185422	1.000000
175.000000	298.083984	0.003355	166.545790	163.977637	-134.247146	88826.733450	2.000000
176.000000	226.690247	0.004411	162.009481	160.490196	-58.710949	85447.943420	2.000000
177.000000	224.278320	0.004459	161.233243	160.814927	-56.201866	100418.713418	1.000000
178.000000	210.363922	0.004754	161.557110	157.726442	-41.004079	127866.658809	2.000000
179.000000	205.461914	0.004867	161.593002	159.459870	-35.570784	88362.585578	1.000000
180.000000	190.405594	0.005252	158.491465	160.855643	-18.968157	105409.607331	2.000000
181.000000	190.265427	0.005256	158.938992	162.984607	-18.683717	92216.218115	2.000000
182.000000	204.682114	0.004886	160.260585	163.053033	-34.682300	81641.666736	2.000000
183.000000	207.807999	0.004812	160.124146	164.179471	-37.957401	98414.856654	2.000000
184.000000	240.452591	0.004159	161.854466	167.513379	-72.978623	58687.797409	1.000000
185.000000	219.617081	0.004553	159.196788	165.180930	-50.697120	58187.363778	2.000000
186.000000	217.113083	0.004606	160.370306	165.464695	-47.969763	58608.837238	2.000000
187.000000	210.732544	0.004745	157.855725	165.381933	-41.106909	71274.287329	2.000000
188.000000	192.122635	0.005205	157.884490	163.669322	-20.657103	60208.221545	2.000000
189.000000	180.389923	0.005544	157.638021	161.791556	-7.511236	59968.144415	2.000000
190.000000	177.752197	0.005626	156.468940	161.129436	-4.925808	52861.957704	2.000000
191.000000	155.699509	0.006423	155.419526	160.439135	20.591456	78115.701006	2.000000
192.000000	167.346390	0.005976	155.843003	160.433878	6.934265	81406.170520	2.000000
193.000000	162.559738	0.006152	156.529361	160.240541	12.353465	64834.005296	2.000000
194.000000	147.985825	0.006757	155.375347	159.655507	29.650535	67876.377723	1.000000
195.000000	151.144958	0.006616	154.641410	159.680896	26.122537	65665.520094	2.000000
196.000000	159.891571	0.006254	155.141380	159.658851	16.471202	56169.727225	2.000000
197.000000	167.505814	0.005970	155.686481	160.719161	7.590478	45233.024444	2.000000
198.000000	156.609711	0.006385	154.848681	160.224694	19.719416	66505.157339	2.000000
199.000000	156.548828	0.006388	155.188355	160.312248	19.734766	73354.008744	2.000000
200.000000	167.230835	0.005980	156.035480	163.153372	7.146021	72852.960178	3.000000
201.000000	166.531677	0.006005	154.916318	161.952061	8.021157	72258.779289	2.000000
202.000000	173.278915	0.005771	155.556542	162.591200	0.273722	84507.523046	2.000000
203.000000	156.892929	0.006374	154.116798	162.117110	19.338465	75071.645004	2.000000
204.000000	149.165909	0.006704	154.796121	160.012567	28.023392	90596.613721	2.000000
205.000000	142.756378	0.007005	154.102516	158.950332	35.899499	95897.135010	2.000000
206.000000	140.908951	0.007097	155.258589	158.970536	38.208246	126752.544761	2.000000
207.000000	144.262039	0.006932	154.698294	159.829972	34.171766	102127.642190	2.000000
208.000000	159.003738	0.006289	155.631621	164.234897	16.959251	93012.054880	1.000000
209.000000	154.597870	0.006468	154.266350	162.084858	22.058817	84199.048901	2.000000
210.000000	143.648132	0.006961	153.360903	159.357812	34.549695	69479.069406	2.000000
211.000000	143.873093	0.006951	153.283223	159.875318	34.290004	71463.187111	2.000000
212.000000	142.754532	0.007005	152.234148	158.456851	35.626233	89215.044685	2.000000
213.000000	135.545242	0.007378	152.042844	155.332821	44.155877	91798.955479	2.000000
214.000000	139.611221	0.007163	150.791780	155.338131	39.284781	69712.044482	2.000000
215.000000	129.056946	0.007749	151.050118	154.206031	52.436395	73794.785982	2.000000
216.000000	121.962082	0.008199	151.593002	154.074646	61.733269	65779.660790	1.000000
217.000000	123.739922	0.008081	152.264219	154.929487	59.832969	53007.296001	2.000000
218.000000	125.337105	0.007978	152.549310	154.417370	57.369714	70112.655950	2.000000
219.000000	122.658058	0.008153	151.869080	155.438129	60.134394	64177.996771	2.000000
220.000000	122.218819	0.008182	151.866956	157.220828	61.339651	70845.139945	2.000000
221.000000	119.990692	0.008334	151.528805	156.703039	63.674334	82473.993287	2.000000
222.000000	116.256378	0.008602	151.545619	155.164535	68.979771	53714.419925	2.000000
223.000000	119.580750	0.008363	150.793085	155.923856	64.333946	72260.317506	2.000000
224.000000	116.167442	0.008608	151.222895	154.118961	68.715360	71702.501149	1.000000
225.000000	114.936729	0.008700	150.795856	154.656790	70.413591	60489.484352	2.000000
226.000000	121.989693	0.008197	150.441077	156.686447	61.547367	53471.345919	1.000000
227.000000	118.799164	0.008418	150.045572	155.232403	65.541111	68591.258783	2.000000
228.000000	117.774590	0.008491	149.821746	154.652639	66.237425	101942.831602	3.000000
229.000000	117.603958	0.008503	150.444020	155.541826	67.192247	100070.341633	2.000000
230.000000	120.106911	0.008326	151.103201	156.670032	63.702878	65634.895403	1.000000
231.000000	122.782715	0.008144	150.389642	156.007422	60.514053	70318.625247	3.000000
232.000000	122.680473	0.008151	150.710853	156.305584	60.674743	50291.778326	2.000000
233.000000	125.754463	0.007952	150.132982	157.210565	56.877532	55240.107703	2.000000
234.000000	118.874809	0.008412	150.801025	155.788581	65.952114	57872.519241	3.000000
235.000000	123.500626	0.008097	150.759087	155.802920	59.641982	50386.797348	1.000000
236.000000	122.151726	0.008187	151.276388	158.150642	61.752193	49831.917002	2.000000
237.000000	124.202858	0.008051	149.983194	157.239353	59.016422	48230.465424	1.000000
238.000000	115.572662	0.008653	149.666271	155.430465	70.673344	49542.151943	2.000000
239.000000	113.064232	0.008845	149.263055	154.416669	73.485222	46044.733795	2.000000
240.000000	116.525986	0.008582	149.056829	155.685224	68.648291	51711.458566	1.000000
241.000000	119.191521	0.008390	148.629218	156.471401	64.947874	53502.241729	1.000000
242.000000	116.452644	0.008587	148.978120	154.630305	68.644885	60740.988773	1.000000
243.000000	115.855690	0.008631	148.863240	155.607610	70.231138	51097.655680	2.000000
244.000000	116.749352	0.008565	150.511462	154.899592	69.046460	64749.751179	1.000000
245.000000	116.171776	0.008608	150.649388	153.551503	68.937821	58574.581210	1.000000
246.000000	114.925293	0.008701	149.300647	153.506530	70.784299	66317.882921	1.000000
247.000000	113.017853	0.008848	148.832100	155.706736	73.447568	83936.203230	2.000000
248.000000	110.343025	0.009063	148.963925	155.607766	76.806423	71416.751676	1.000000
249.000000	110.829880	0.009023	150.000691	155.497670	76.132737	43615.302171	2.000000
250.000000	106.736206	0.009369	149.829135	155.439169	82.366847	54900.085103	1.000000
251.000000	108.718246	0.009198	149.617073	157.261956	79.500861	45468.715884	2.000000
252.000000	108.138351	0.009247	149.370411	154.493866	80.072511	47438.941792	3.000000
253.000000	106.360725	0.009402	149.047000	154.028233	82.178059	79855.539177	3.000000
254.000000	107.665443	0.009288	148.433954	153.844358	80.380812	64720.756971	1.000000
255.000000	107.115814	0.009336	148.805360	154.211442	81.034167	63656.878066	1.000000
256.000000	107.422836	0.009309	148.343067	153.298032	81.034754	46930.283326	2.000000
257.000000	108.073578	0.009253	147.481983	154.070804	79.900807	64225.288442	2.000000
258.000000	104.526207	0.009567	148.135809	154.608155	84.369052	64675.085246	1.000000
259.000000	105.709602	0.009460	147.742469	153.866540	83.194745	68664.192090	2.000000
260.000000	109.494965	0.009133	147.578552	155.339561	78.459529	71802.938537	1.000000
261.000000	111.030624	0.009007	148.178198	154.556841	75.767896	90499.568181	1.000000
262.000000	110.468994	0.009052	147.477006	154.885334	76.418067	94399.304145	2.000000
263.000000	114.787964	0.008712	146.587460	155.592048	70.173978	112917.965665	2.000000
264.000000	117.486130	0.008512	147.778318	156.944714	67.509237	82734.836219	1.000000
265.000000	113.724358	0.008793	147.974250	154.520064	72.229599	85510.632684	1.000000
266.000000	112.147560	0.008917	147.149807	153.432140	74.062037	66872.057817	3.000000
267.000000	108.188187	0.009243	147.290668	153.849383	79.177379	65481.274954	2.000000
268.000000	107.746269	0.009281	147.761812	154.288885	80.317037	47224.451745	2.000000
269.000000	109.057999	0.009169	148.758794	155.042516	78.444268	59471.547541	2.000000
270.000000	109.380394	0.009142	148.936164	155.730934	77.542737	85114.529244	1.000000
271.000000	104.368813	0.009581	149.038617	155.224631	85.323665	58929.248495	1.000000
272.000000	106.493942	0.009390	148.647650	156.918466	82.248945	61809.403128	1.000000
273.000000	105.435059	0.009485	147.996444	156.556812	84.030334	50248.069013	1.000000
274.000000	103.801231	0.009634	148.805043	154.743814	85.878901	74893.167627	1.000000
275.000000	101.240082	0.009878	148.722224	154.770655	89.105465	84109.625559	2.000000
276.000000	97.540703	0.010252	149.870140	154.112303	94.106294	95591.813765	2.000000
277.000000	102.766006	0.009731	148.702078	154.753208	86.923365	106287.357523	2.000000
278.000000	99.531479	0.010047	149.008074	155.180264	91.618413	87244.168441	2.000000
279.000000	104.497833	0.009570	148.875182	154.926742	84.799048	71784.124130	2.000000
280.000000	102.471443	0.009759	149.860200	154.322419	87.203602	84114.385854	2.000000
281.000000	101.916916	0.009812	150.772313	152.896460	88.600452	82762.378334	2.000000
282.000000	104.279663	0.009590	151.035570	153.791416	85.374181	70518.848212	2.000000
283.000000	104.053810	0.009610	151.364998	154.347606	85.556707	76308.808900	3.000000
284.000000	100.383064	0.009962	151.454218	152.704614	90.366969	91062.095232	3.000000
285.000000	97.644180	0.010241	151.104043	153.233929	94.151655	103837.875949	2.000000
286.000000	97.678673	0.010238	150.481530	153.357577	94.149958	87400.178911	2.000000
287.000000	97.982025	0.010206	150.188247	153.572055	93.918399	77962.879276	2.000000
288.000000	97.255898	0.010282	149.820045	152.408418	94.989726	72938.788665	3.000000
289.000000	97.089523	0.010300	150.748811	152.389502	95.199147	65864.630351	1.000000
290.000000	94.888023	0.010539	150.021224	151.021850	98.306504	68846.034640	1.000000
291.000000	98.085457	0.010195	149.166525	152.035965	93.489649	61187.621784	2.000000
292.000000	98.322502	0.010171	148.351148	151.000024	93.079441	61096.350142	2.000000
293.000000	96.070526	0.010409	147.646080	150.511882	96.560575	61499.295898	2.000000
294.000000	99.161423	0.010085	148.868433	150.375754	92.704023	51605.323037	2.000000
295.000000	98.026505	0.010201	150.064698	150.147605	93.317146	53963.758422	3.000000
296.000000	98.121330	0.010191	149.359301	149.466338	93.631226	56815.255059	2.000000
297.000000	95.245865	0.010499	148.879439	150.348632	98.028060	59326.559335	2.000000
298.000000	94.597359	0.010571	150.840766	150.401556	99.079561	69244.250069	1.000000
299.000000	93.519943	0.010693	151.592780	149.876698	99.668001	79595.220562	1.000000
300.000000	95.688004	0.010451	151.578991	150.513783	96.629342	82383.296475	2.000000
301.000000	96.373291	0.010376	151.273270	149.489996	96.066833	77700.696536	2.000000
302.000000	97.461037	0.010261	151.116329	148.898719	94.115274	77735.990017	2.000000
303.000000	98.657944	0.010136	151.020520	149.237025	92.766558	63999.939507	2.000000
304.000000	97.243790	0.010283	152.278912	148.152017	94.385316	73245.751068	3.000000
305.000000	97.010536	0.010308	151.767634	148.033557	95.237157	60690.939872	2.000000
306.000000	96.146927	0.010401	152.107871	147.926503	96.793787	66997.484700	2.000000
307.000000	95.439079	0.010478	152.067692	148.408937	97.472936	98693.433231	2.000000
308.000000	95.675888	0.010452	152.051727	149.100092	98.165640	70535.407339	1.000000
309.000000	95.512375	0.010470	152.442339	148.746858	98.550661	66853.695512	2.000000
310.000000	95.738579	0.010445	153.372543	148.721444	98.495291	62507.310764	3.000000
311.000000	93.901047	0.010650	153.208757	148.099378	99.909291	52193.339332	1.000000
312.000000	93.856606	0.010655	152.535899	148.786634	100.572536	49423.008669	1.000000
313.000000	92.595940	0.010800	152.947392	147.722219	102.553440	49960.572570	1.000000
314.000000	94.964363	0.010530	152.935825	148.104336	98.318829	66407.475552	1.000000
315.000000	94.943756	0.010533	153.644570	148.444806	98.809389	50965.185989	3.000000
316.000000	95.032936	0.010523	153.793255	148.611415	98.401173	60432.746244	1.000000
317.000000	96.438255	0.010369	153.357498	147.621091	96.401045	65116.322250	2.000000
318.000000	94.630226	0.010567	152.552367	149.239438	99.097059	78966.052198	3.000000
319.000000	97.942726	0.010210	153.358267	149.431570	93.962364	67588.241320	1.000000
320.000000	93.757919	0.010666	152.521783	150.265195	99.752677	78577.252228	1.000000
321.000000	92.957115	0.010758	152.379698	148.419611	100.295237	114009.736874	2.000000
322.000000	93.914894	0.010648	153.514391	150.153119	99.253613	83680.382525	1.000000
323.000000	92.772400	0.010779	153.347439	149.952049	101.705290	105142.077260	2.000000
324.000000	93.307526	0.010717	153.258715	149.845348	100.636838	104199.225366	1.000000
325.000000	91.300766	0.010953	152.907768	148.883538	103.352056	105596.638536	1.000000
326.000000	92.671005	0.010791	151.288560	148.821429	101.437705	90520.734715	1.000000
327.000000	90.419098	0.011060	151.322424	147.640495	105.063957	91734.043928	3.000000
328.000000	91.006798	0.010988	151.169260	147.507559	104.695330	70545.009949	1.000000
329.000000	93.619095	0.010682	152.415517	147.224704	99.690469	90438.948907	1.000000
330.000000	93.454605	0.010700	152.534373	147.092056	100.419107	95684.489968	1.000000
331.000000	93.149017	0.010735	152.299456	146.515783	100.179286	84988.052702	2.000000
332.000000	94.021568	0.010636	152.335164	146.433346	99.087552	68152.200151	1.000000
333.000000	95.791649	0.010439	152.719432	145.315459	97.536586	45660.760386	1.000000
334.000000	92.047234	0.010864	152.188038	146.179880	102.903578	54780.566915	1.000000
335.000000	90.842453	0.011008	151.798244	147.861766	103.905748	75879.692211	2.000000
336.000000	90.238914	0.011082	151.039524	147.860604	105.057827	79704.163502	3.000000
337.000000	89.627426	0.011157	151.578862	147.664668	105.805566	79915.917628	2.000000
338.000000	90.006149	0.011110	150.706198	146.859718	105.271632	80231.203936	2.000000
339.000000	93.875710	0.010652	150.946204	145.531350	100.025829	78326.733706	2.000000
340.000000	92.772942	0.010779	151.565409	145.837705	101.257326	86984.094596	2.000000
341.000000	91.795509	0.010894	150.920279	147.018526	103.210315	66661.893209	2.000000
342.000000	90.571381	0.011041	151.220309	146.801458	104.990666	78038.432025	2.000000
343.000000	89.109779	0.011222	151.053209	146.610271	107.692651	105776.875109	1.000000
344.000000	87.473007	0.011432	151.013115	147.221948	109.897179	94768.883118	3.000000
345.000000	87.581993	0.011418	151.505934	147.592831	109.516368	77889.718543	2.000000
346.000000	88.750557	0.011268	151.071618	146.612181	107.510338	99050.397022	1.000000
347.000000	88.439026	0.011307	150.504014	147.044494	108.091821	98697.211130	3.000000
348.000000	89.316322	0.011196	150.561531	146.706496	106.871944	81585.240235	2.000000
349.000000	89.135811	0.011219	150.811479	146.549931	107.183541	93014.534602	2.000000
350.000000	87.865005	0.011381	149.489531	147.508768	108.384271	92565.662322	2.000000
351.000000	88.235901	0.011333	149.462093	147.430881	108.286685	87608.036962	2.000000
352.000000	88.135315	0.011346	149.362846	148.001887	107.760982	118603.786102	1.000000
353.000000	86.987076	0.011496	149.382295	148.688548	109.942291	135308.824967	1.000000
354.000000	86.058548	0.011620	149.374441	148.611820	111.152852	138644.463274	2.000000
355.000000	84.528435	0.011830	149.984846	147.588364	114.129079	135651.857527	3.000000
356.000000	83.311478	0.012003	148.827827	148.714723	116.124265	125410.579505	3.000000
357.000000	82.542580	0.012115	148.677590	148.373710	117.547207	117169.878506	2.000000
358.000000	82.914986	0.012061	148.778322	148.926461	117.722500	69654.077625	1.000000
359.000000	79.800873	0.012531	148.465365	149.058325	122.228027	81626.393396	2.000000
360.000000	79.756203	0.012538	148.381655	148.963366	122.966331	69712.428679	3.000000
361.000000	78.919617	0.012671	148.481949	148.428509	123.812536	75824.794683	1.000000
362.000000	79.442505	0.012588	148.878781	148.896782	123.064758	63212.321331	1.000000
363.000000	78.533867	0.012733	148.412483	148.848443	124.518609	74455.310509	2.000000
364.000000	78.018692	0.012817	148.150025	149.130628	125.568861	70248.196320	2.000000
365.000000	78.576912	0.012726	148.451001	148.898339	124.405802	77135.094726	2.000000
366.000000	78.047180	0.012813	148.087983	149.162318	125.880586	87071.986180	3.000000
367.000000	77.073906	0.012975	148.234921	149.373443	126.811615	96629.405368	2.000000
368.000000	77.102936	0.012970	148.083335	149.871956	127.069481	95057.732859	3.000000
369.000000	77.518127	0.012900	148.097918	149.402953	126.840834	88855.187407	1.000000
370.000000	76.006104	0.013157	148.634686	149.134960	128.760147	98224.734736	3.000000
371.000000	76.505478	0.013071	148.234285	149.698168	128.300319	94411.104039	1.000000
372.000000	75.801338	0.013192	148.145720	149.783498	129.415137	103260.527225	1.000000
373.000000	74.489433	0.013425	148.476477	150.104082	131.387392	96197.204028	1.000000
374.000000	74.068619	0.013501	148.540425	149.723418	132.706673	105580.218661	2.000000
375.000000	73.433090	0.013618	148.915373	150.004875	133.556095	92630.598660	3.000000
376.000000	73.376961	0.013628	148.885037	150.084249	133.949066	88330.106519	1.000000
377.000000	72.664055	0.013762	148.673430	150.353429	135.768964	91331.713081	1.000000
378.000000	71.712463	0.013945	149.524861	150.583712	136.646013	94063.459796	1.000000
379.000000	72.601105	0.013774	148.340340	150.495211	135.815094	80591.607421	1.000000
380.000000	72.413643	0.013810	148.025171	150.435213	136.330185	81157.828261	1.000000
381.000000	73.133026	0.013674	148.261799	149.885267	135.229483	72206.753573	1.000000
382.000000	73.234375	0.013655	148.225502	149.822790	134.851383	80142.196527	3.000000
383.000000	72.661514	0.013762	147.780657	149.880701	135.940273	76885.341650	1.000000
384.000000	72.266838	0.013838	148.733453	150.670516	137.044681	85202.078024	1.000000
385.000000	72.297348	0.013832	148.750571	150.229501	136.725649	84851.566021	1.000000
386.000000	72.776474	0.013741	148.383810	150.377104	135.813142	67126.495413	3.000000
387.000000	72.142036	0.013862	147.942256	149.988538	136.632727	70206.256673	1.000000
388.000000	71.568481	0.013973	148.029774	150.462389	137.982826	71363.757906	1.000000
389.000000	71.024368	0.014080	148.142764	150.603633	139.529525	76854.672465	2.000000
390.000000	71.208557	0.014043	148.296158	150.575122	138.566659	79378.915115	2.000000
391.000000	71.474342	0.013991	148.443454	150.374587	137.921766	61740.811328	1.000000
392.000000	71.014069	0.014082	148.771715	150.435995	138.859121	64717.755493	2.000000
393.000000	70.721077	0.014140	148.135566	150.962136	139.520319	66523.269606	2.000000
394.000000	69.968018	0.014292	148.211593	149.950807	140.848186	71896.474853	2.000000
395.000000	69.627151	0.014362	148.734261	149.920762	140.812101	80983.086837	3.000000
396.000000	70.018837	0.014282	148.752567	149.231299	141.405753	60049.214164	1.000000
397.000000	69.596680	0.014369	149.050643	149.746563	141.952650	65638.248355	2.000000
398.000000	69.644661	0.014359	149.085465	149.663370	142.079788	68918.838792	1.000000
399.000000	69.328346	0.014424	148.748085	149.678041	142.257914	74541.179882	2.000000
400.000000	69.577187	0.014373	148.627208	149.895218	142.151007	81167.598834	2.000000
401.000000	69.815292	0.014324	148.596080	149.726151	141.663305	71111.233003	3.000000
402.000000	69.407150	0.014408	148.625902	150.144733	142.309458	66791.749581	3.000000
403.000000	69.425911	0.014404	148.887988	150.439976	142.849316	50383.990298	2.000000
404.000000	69.095154	0.014473	149.238219	150.000542	143.511679	64403.684255	3.000000
405.000000	68.736099	0.014548	149.263473	150.201214	143.789892	70400.506244	1.000000
406.000000	69.332359	0.014423	148.937291	149.459895	142.615204	62457.828510	1.000000
407.000000	69.127525	0.014466	149.449672	149.561158	143.251123	65435.816935	1.000000
408.000000	68.732086	0.014549	150.123030	150.102655	143.854429	66920.226258	1.000000
409.000000	68.564400	0.014585	149.889490	149.689571	144.874356	70527.691334	1.000000
410.000000	68.004295	0.014705	149.627636	149.780258	145.329067	89519.542938	1.000000
411.000000	68.180435	0.014667	149.796940	149.424962	145.371768	77602.049328	3.000000
412.000000	67.716110	0.014768	149.883570	150.066644	146.087289	94831.083793	2.000000
413.000000	67.906525	0.014726	149.751372	149.716774	145.929923	83409.874928	1.000000
414.000000	67.833397	0.014742	149.566033	149.871043	145.858085	102397.206963	1.000000
415.000000	68.020027	0.014702	150.056272	149.903220	145.546536	90431.830240	3.000000
416.000000	68.017464	0.014702	150.099854	149.866879	145.289841	77538.704560	2.000000
417.000000	67.911255	0.014725	150.131943	149.328975	145.383976	73846.205016	2.000000
418.000000	67.722702	0.014766	149.735112	149.681954	145.496245	79825.722795	1.000000
419.000000	67.618599	0.014789	149.880618	150.079533	146.469894	57819.127828	1.000000
420.000000	67.465370	0.014822	150.188369	149.772269	146.590307	62863.746319	1.000000
421.000000	67.400162	0.014837	150.408240	149.599651	146.595443	64893.665747	1.000000
422.000000	67.645973	0.014783	149.838046	150.158081	146.747932	60412.079436	3.000000
423.000000	67.551445	0.014804	150.519974	150.286760	146.246269	59785.413257	3.000000
424.000000	67.298836	0.014859	150.619965	149.892210	147.528511	62421.425104	3.000000
425.000000	67.203377	0.014880	150.322168	150.284471	147.780205	50405.482943	1.000000
426.000000	67.121643	0.014898	150.181692	150.488202	147.596240	67209.081361	1.000000
427.000000	67.194550	0.014882	150.040463	150.556585	147.555384	72550.153319	1.000000
428.000000	67.028542	0.014919	150.671278	150.317770	147.728796	42184.673225	1.000000
429.000000	67.090477	0.014905	150.518606	149.904836	147.987058	44828.453229	2.000000
430.000000	67.103340	0.014902	149.873003	150.356764	148.047962	51583.932974	1.000000
431.000000	67.134125	0.014896	150.037496	150.620031	148.360919	47182.072509	2.000000
432.000000	67.354324	0.014847	150.476774	150.086152	148.764607	41912.748392	2.000000
433.000000	67.178070	0.014886	150.560297	150.821005	149.142030	44292.353958	1.000000
434.000000	67.267624	0.014866	150.295046	150.394145	148.481249	43749.587141	2.000000
435.000000	67.194893	0.014882	150.640092	150.070073	148.230163	46693.949204	3.000000
436.000000	67.304764	0.014858	150.218039	150.200489	148.849157	40511.488878	2.000000
437.000000	67.179039	0.014886	150.196487	150.122076	148.810391	40099.402184	1.000000
438.000000	67.184189	0.014884	150.717696	150.036148	148.668080	38925.158179	1.000000
439.000000	67.253143	0.014869	150.336709	149.731656	148.800251	41838.757383	2.000000
440.000000	67.288651	0.014861	150.716435	149.964640	148.777099	40121.587307	2.000000
441.000000	67.357277	0.014846	150.667519	150.167559	148.563461	43532.844827	3.000000
442.000000	67.263435	0.014867	150.567240	150.307126	148.836527	42771.465636	1.000000
443.000000	67.143204	0.014894	150.756727	150.305442	149.495618	46389.951195	2.000000
444.000000	67.271088	0.014865	150.877080	149.769491	148.678302	48913.050712	1.000000
445.000000	67.099480	0.014903	150.577145	150.267444	149.014626	47458.060969	2.000000
446.000000	67.245567	0.014871	150.864345	150.801767	148.840529	40566.133556	2.000000
447.000000	67.194839	0.014882	150.396641	150.359212	148.511595	32964.568535	3.000000
448.000000	67.228485	0.014875	150.714573	150.594830	148.813356	35031.216200	1.000000
449.000000	67.213326	0.014878	150.360393	150.253471	148.901745	35603.547585	2.000000
450.000000	67.229218	0.014874	150.114133	150.754278	148.694286	38150.837483	2.000000
451.000000	67.169685	0.014888	150.287378	150.270759	148.591155	48079.706233	3.000000
452.000000	67.230766	0.014874	150.450383	150.308872	148.103413	54493.541009	1.000000
453.000000	67.186073	0.014884	150.245736	150.485415	148.392672	44057.039043	2.000000
454.000000	67.095360	0.014904	150.389225	150.282877	149.185179	43361.402246	2.000000
455.000000	66.927025	0.014942	150.413715	150.538763	148.514542	39196.460127	1.000000
456.000000	66.818504	0.014966	150.438129	150.421016	148.635825	41688.599804	2.000000
457.000000	66.900871	0.014947	150.430510	150.017495	148.558660	41815.979942	2.000000
458.000000	66.998634	0.014926	150.209439	150.171530	148.513086	39434.917962	2.000000
459.000000	66.950462	0.014936	151.004905	149.967383	147.832670	36941.518362	2.000000
460.000000	67.046822	0.014915	150.467076	150.163999	147.713954	41085.666550	1.000000
461.000000	67.031578	0.014918	150.074516	150.056144	147.984070	37822.064506	2.000000
462.000000	67.004433	0.014924	149.857995	150.192861	148.849870	34864.605362	1.000000
463.000000	67.000092	0.014925	150.653999	150.110231	148.273287	40035.904939	1.000000
464.000000	67.041901	0.014916	150.632905	150.103903	148.476336	45810.029309	3.000000
465.000000	67.059265	0.014912	150.886316	150.079015	148.603946	40297.514298	1.000000
466.000000	67.016769	0.014922	150.801202	149.939396	148.335916	32417.190691	1.000000
467.000000	67.057182	0.014913	150.518012	150.231422	148.840601	37834.086406	3.000000
468.000000	67.052223	0.014914	150.864089	150.320910	149.545921	37180.474991	1.000000
469.000000	67.042503	0.014916	150.486026	150.669075	148.587123	34533.313453	2.000000
470.000000	67.077591	0.014908	150.772396	150.188681	148.560420	38147.398020	2.000000
471.000000	67.188850	0.014883	150.606713	150.173748	149.028705	38977.766235	1.000000
472.000000	67.114250	0.014900	150.544945	149.795180	149.340914	37633.608260	1.000000
473.000000	67.123978	0.014898	150.474487	149.841882	148.671644	40326.096866	2.000000
474.000000	67.071365	0.014909	150.042590	150.303867	148.472908	37165.327903	2.000000
475.000000	67.152832	0.014891	151.093182	150.130925	149.018590	43061.070249	3.000000
476.000000	67.152016	0.014892	150.584746	149.897968	149.064742	38666.919376	3.000000
477.000000	67.076859	0.014908	150.783923	150.119736	148.842023	38489.044102	3.000000
478.000000	67.183609	0.014885	151.096531	150.088732	149.084079	44811.558902	3.000000
479.000000	67.022133	0.014920	150.889429	150.036790	148.923783	39522.104658	3.000000
480.000000	67.009361	0.014923	150.654584	150.460079	148.929914	38574.654618	2.000000
481.000000	67.081345	0.014907	150.999970	150.471560	148.749901	35547.739630	3.000000
482.000000	66.885139	0.014951	151.051540	150.378812	149.602654	38303.510211	2.000000
483.000000	67.051994	0.014914	150.802279	150.248246	149.294064	39337.530647	3.000000
484.000000	67.083649	0.014907	150.691289	150.347035	148.938600	43517.514719	2.000000
485.000000	67.137672	0.014895	150.641453	150.552532	149.000458	37404.899638	2.000000
486.000000	67.152756	0.014891	150.521952	150.078832	149.355391	39484.460506	1.000000
487.000000	67.056107	0.014913	150.395329	150.631824	149.572779	34519.655926	1.000000
488.000000	67.173798	0.014887	150.383643	150.499292	149.546847	33288.080485	1.000000
489.000000	67.020599	0.014921	150.736899	150.215384	149.244803	33919.122087	1.000000
490.000000	67.054619	0.014913	150.834780	150.439669	149.340649	35265.373941	1.000000
491.000000	67.036308	0.014917	150.755899	149.866220	149.434951	35110.988064	1.000000
492.000000	67.120842	0.014899	150.606433	150.216295	149.111513	33992.758729	1.000000
493.000000	66.989037	0.014928	150.741328	150.050383	149.116352	31624.853805	2.000000
494.000000	67.080475	0.014907	150.276752	150.378424	149.229967	34353.747227	3.000000
495.000000	67.040817	0.014916	150.770149	150.381667	149.156737	32545.416731	1.000000
496.000000	67.130135	0.014896	150.899814	150.395115	148.951265	31216.918431	2.000000
497.000000	66.999512	0.014925	150.435206	150.198605	149.191908	30378.751529	1.000000
498.000000	67.065422	0.014911	150.447678	149.732714	149.345379	36735.284399	2.000000
499.000000	67.089897	0.014905	150.536700	150.325484	149.275019	35244.623969	2.000000
500.000000	67.194275	0.014882	150.507540	150.143535	149.265622	43305.642673	2.000000
501.000000	67.149185	0.014892	150.111804	150.026417	149.111924	47003.040950	3.000000
502.000000	67.205452	0.014880	150.013636	150.426739	149.260384	46098.905765	1.000000
503.000000	67.016663	0.014922	150.553440	150.196732	148.961169	36043.594355	2.000000
504.000000	67.045731	0.014915	150.661499	149.832722	149.487867	35158.676780	3.000000
505.000000	67.078415	0.014908	150.578309	150.096477	149.595538	30544.529812	1.000000
506.000000	67.073318	0.014909	150.126574	150.368031	148.975763	36243.216037	1.000000
507.000000	67.084877	0.014906	150.484907	150.409579	148.634509	40128.373990	2.000000
508.000000	67.162041	0.014889	150.364403	149.853787	148.816910	40302.798262	1.000000
509.000000	67.104767	0.014902	150.666558	150.591513	149.275217	39759.052906	2.000000
510.000000	66.974083	0.014931	150.854526	150.540050	148.828658	34833.583256	1.000000
511.000000	67.182709	0.014885	150.623644	150.411924	148.947233	37599.529493	2.000000
512.000000	67.109436	0.014901	150.715744	150.081214	148.721827	39358.790693	1.000000
513.000000	67.092537	0.014905	150.640034	150.234242	148.870008	42335.145225	2.000000
514.000000	67.133110	0.014896	150.542195	150.076013	148.857947	31429.128840	2.000000
515.000000	67.070763	0.014910	150.481575	150.293505	148.747544	32847.247364	1.000000
516.000000	67.115944	0.014900	151.108642	150.228153	149.101577	34290.723005	1.000000
517.000000	67.042854	0.014916	150.566002	150.455165	148.796522	37550.571163	1.000000
518.000000	66.989090	0.014928	150.520313	150.166655	149.192121	34741.409942	1.000000
519.000000	67.153122	0.014891	150.997546	150.823392	149.095062	35218.787546	3.000000
520.000000	67.061623	0.014912	150.291248	149.843243	149.143210	37641.612475	2.000000
521.000000	67.079483	0.014908	150.527998	150.362301	149.091075	38362.807134	1.000000
522.000000	67.118546	0.014899	150.607758	149.967013	149.037840	40666.240780	3.000000
523.000000	67.115387	0.014900	150.481212	150.653532	149.063590	35405.013488	1.000000
524.000000	67.086952	0.014906	150.855347	150.277639	149.333000	39792.545183	1.000000
525.000000	67.138336	0.014895	150.740794	150.037174	148.910101	49066.153363	1.000000
526.000000	67.241722	0.014872	150.683124	149.987785	148.927191	53442.120064	3.000000
527.000000	67.209274	0.014879	150.606862	150.200488	148.956041	47070.960051	3.000000
528.000000	67.092705	0.014905	150.918781	150.138008	148.582309	46524.627327	1.000000
529.000000	67.082268	0.014907	150.900696	150.470538	149.021093	34658.990181	1.000000
530.000000	67.138199	0.014895	150.955825	150.004380	149.281288	42974.253600	2.000000
531.000000	67.059120	0.014912	150.793968	150.383086	149.729767	30894.674096	2.000000
532.000000	67.226540	0.014875	150.917656	150.190588	149.131383	34943.633893	1.000000
533.000000	67.020569	0.014921	150.752960	150.308480	149.671219	31258.699131	2.000000
534.000000	67.152390	0.014892	150.447467	150.148605	149.600588	38571.315369	2.000000
535.000000	67.020851	0.014921	150.361579	150.241646	149.349078	36065.121479	2.000000
536.000000	67.128189	0.014897	150.907507	150.332893	149.080918	41303.734925	3.000000
537.000000	67.085938	0.014906	150.302003	150.418496	149.382163	30658.428695	2.000000
538.000000	67.088173	0.014906	150.814643	150.036443	149.706461	37830.217972	2.000000
539.000000	67.022690	0.014920	150.604437	150.408105	149.303383	34362.459554	2.000000
540.000000	67.120148	0.014899	150.723594	150.311298	149.255074	40271.022964	1.000000
541.000000	67.126602	0.014897	150.687163	149.980509	148.972987	55075.378961	3.000000
542.000000	67.045151	0.014915	150.253367	150.019058	148.899254	41651.701928	1.000000
543.000000	67.077065	0.014908	150.832449	149.765532	148.567071	37142.695480	1.000000
544.000000	67.101669	0.014903	150.627964	150.256698	148.967337	46818.078178	2.000000
545.000000	67.230728	0.014874	150.871388	150.547534	148.702755	57532.679331	1.000000
546.000000	67.137703	0.014895	150.896038	150.862997	149.455308	48062.451823	1.000000
547.000000	67.040398	0.014916	150.663184	150.519757	148.746609	51863.936791	1.000000
548.000000	66.999641	0.014925	151.402988	150.262877	148.918958	34527.780612	1.000000
549.000000	66.987038	0.014928	150.958338	150.461739	148.629203	35592.182749	2.000000
550.000000	67.090027	0.014905	150.692236	150.228683	148.528343	34972.098072	1.000000
551.000000	67.092545	0.014905	150.824763	149.986936	149.579682	38450.829089	2.000000
552.000000	67.236946	0.014873	150.470410	150.134617	149.444478	37577.031559	2.000000
553.000000	66.934692	0.014940	150.846879	150.456551	149.310890	32960.531402	2.000000
554.000000	67.074081	0.014909	151.012208	150.658798	149.538899	35219.191942	3.000000
555.000000	66.972443	0.014932	150.488324	150.109941	148.685536	30550.325729	2.000000
556.000000	67.024750	0.014920	150.441041	150.494021	148.593570	33511.669224	2.000000
557.000000	67.014664	0.014922	150.452814	150.415701	149.405206	34740.745683	1.000000
558.000000	67.019997	0.014921	150.900798	150.141585	149.274682	37717.820987	1.000000
559.000000	67.077415	0.014908	150.319975	150.077894	148.853039	39239.370333	1.000000
560.000000	67.148422	0.014892	150.940456	149.596032	148.576844	37250.706484	3.000000
561.000000	67.077423	0.014908	150.630595	149.697463	149.357676	35219.627297	2.000000
562.000000	67.013901	0.014922	150.894236	149.707107	149.003710	38169.067532	1.000000
563.000000	67.012650	0.014923	150.611057	150.117324	148.908828	36243.212084	1.000000
564.000000	66.944405	0.014938	151.028122	150.038860	149.252896	39156.707467	2.000000
565.000000	66.992340	0.014927	150.590198	150.256686	149.166654	34224.332593	1.000000
566.000000	66.992706	0.014927	150.371139	150.202623	148.793378	41627.255306	1.000000
567.000000	67.076340	0.014908	150.703122	149.938841	149.580563	43324.497683	2.000000
568.000000	67.101891	0.014903	150.646150	150.037088	148.956684	49952.178970	1.000000
569.000000	67.035042	0.014918	150.462514	149.829503	148.928186	39103.261809	1.000000
570.000000	67.020027	0.014921	150.805250	149.568534	148.617883	36308.577195	2.000000
571.000000	66.908600	0.014946	150.757300	149.999089	148.795463	33540.626945	2.000000
572.000000	67.020775	0.014921	150.527257	150.239241	148.789574	33453.475437	2.000000
573.000000	67.053955	0.014913	150.559041	149.988864	149.259542	32664.606935	1.000000
574.000000	67.041557	0.014916	150.816782	149.882766	148.867496	36140.863611	2.000000
575.000000	67.055916	0.014913	150.648067	150.192837	148.951572	33321.703735	1.000000
576.000000	67.067932	0.014910	150.426316	150.092402	149.015864	36607.607554	2.000000
577.000000	67.031227	0.014918	150.844819	149.345867	149.032857	48777.726211	1.000000
578.000000	67.050201	0.014914	150.906646	150.213120	148.940188	37386.279337	3.000000
579.000000	67.071640	0.014909	150.981054	150.079081	148.823185	40084.794714	2.000000
580.000000	67.033890	0.014918	151.056259	149.899006	149.242690	36845.249678	3.000000
581.000000	67.026955	0.014919	150.721750	149.686491	148.904138	45082.357714	2.000000
582.000000	67.032288	0.014918	151.086688	149.705674	148.600670	45397.359680	3.000000
583.000000	67.126732	0.014897	150.825388	149.956218	148.916617	37229.585497	1.000000
584.000000	66.927094	0.014942	151.028738	149.547204	149.126006	37604.346081	2.000000
585.000000	67.049919	0.014914	150.403008	149.936411	149.106961	41561.078475	2.000000
586.000000	66.926422	0.014942	150.819138	149.888629	149.052590	39722.503126	1.000000
587.000000	67.083893	0.014907	151.060923	150.195362	148.947675	36933.299352	2.000000
588.000000	67.052956	0.014914	151.004576	150.156282	149.033338	51684.440147	1.000000
589.000000	67.134125	0.014896	150.566494	150.133987	149.550499	46724.703015	3.000000
590.000000	67.097160	0.014904	150.814146	150.426925	148.967318	33725.444814	3.000000
591.000000	67.094063	0.014904	150.360498	149.962528	149.228751	30193.646960	2.000000
592.000000	67.038506	0.014917	150.286951	150.334144	149.274888	34631.251233	1.000000
593.000000	67.136536	0.014895	150.951933	150.070129	148.423425	37871.297075	3.000000
594.000000	67.100250	0.014903	150.856360	149.657742	148.937186	36714.960735	1.000000
595.000000	67.087799	0.014906	150.623006	150.306731	149.494516	35103.001578	1.000000
596.000000	67.083496	0.014907	151.106564	149.845356	149.370357	36153.554079	2.000000
597.000000	67.127235	0.014897	151.172283	149.795765	149.282095	37634.774403	2.000000
598.000000	67.116035	0.014900	150.530965	149.755065	149.338791	39927.511967	1.000000
599.000000	67.114006	0.014900	150.631483	149.998926	149.572539	32007.306604	1.000000
600.000000	66.983009	0.014929	150.594236	150.100685	149.186259	30483.990115	2.000000
601.000000	67.026649	0.014919	150.363543	149.986087	149.381282	34505.022954	1.000000
602.000000	67.131729	0.014896	150.487370	149.866783	149.462842	33214.430228	2.000000
603.000000	67.042564	0.014916	150.210527	149.805700	149.036295	36569.916915	1.000000
604.000000	67.027832	0.014919	150.636675	149.829272	148.983569	42956.747516	1.000000
605.000000	67.108910	0.014901	150.552950	149.769685	148.694784	41216.393555	3.000000
606.000000	67.110672	0.014901	150.872305	149.648200	149.481294	36790.311864	2.000000
607.000000	67.060333	0.014912	150.508382	150.049177	149.251394	42439.462439	1.000000
608.000000	67.059090	0.014912	150.474133	150.553045	148.872564	42006.578622	2.000000
609.000000	67.039383	0.014917	150.515630	150.198315	148.933312	42517.969298	1.000000
610.000000	67.191132	0.014883	150.802663	149.879453	148.906284	51795.269016	1.000000
611.000000	66.940041	0.014939	150.820951	149.774486	148.843680	36373.387414	1.000000
612.000000	67.014709	0.014922	150.615212	149.582902	149.133942	34793.887856	2.000000
613.000000	67.126129	0.014897	150.728934	149.862496	149.323874	37726.214029	1.000000
614.000000	67.146202	0.014893	150.420180	149.420104	148.916946	31930.676225	1.000000
615.000000	67.167473	0.014888	150.693706	149.671406	148.672289	35038.559614	2.000000
616.000000	67.089874	0.014905	150.613721	149.752166	149.128637	38845.442815	3.000000
617.000000	67.004311	0.014924	150.593098	150.178991	148.806468	47248.833485	3.000000
618.000000	66.982300	0.014929	150.745570	149.971734	149.287503	35745.479285	2.000000
619.000000	67.091667	0.014905	150.560847	149.926976	148.963131	39327.858066	2.000000
620.000000	67.079681	0.014908	150.470364	149.684173	149.002419	38346.710233	1.000000
621.000000	67.022339	0.014920	150.470719	149.711744	148.893276	44870.855522	2.000000
622.000000	67.082100	0.014907	150.124916	149.736544	148.928077	40598.314136	2.000000
623.000000	67.007713	0.014924	150.480820	149.652298	148.629020	39446.488698	1.000000
624.000000	67.067101	0.014910	150.311105	149.924379	148.962026	50107.117277	2.000000
625.000000	67.022507	0.014920	150.211768	150.162721	149.178397	42541.307876	1.000000
626.000000	66.966255	0.014933	150.408167	149.861574	149.148005	41784.565718	1.000000
627.000000	67.027267	0.014919	150.783346	150.213858	149.035442	35379.798098	3.000000
628.000000	67.083855	0.014907	150.651225	150.302529	148.824887	39892.926944	2.000000
629.000000	67.138420	0.014895	150.701906	150.137327	148.842841	31783.649839	2.000000
630.000000	67.014420	0.014922	150.683576	149.697473	148.608122	47289.249206	2.000000
631.000000	66.966713	0.014933	150.425790	150.085675	149.076013	40093.612682	1.000000
632.000000	67.074059	0.014909	150.690124	149.649944	149.220647	40027.107748	1.000000
633.000000	67.007202	0.014924	150.383408	149.718454	148.977623	36918.978070	2.000000
634.000000	67.060272	0.014912	150.674999	150.107754	149.110721	35618.498571	3.000000
635.000000	66.988388	0.014928	150.687296	149.836755	149.272477	36196.152030	1.000000
636.000000	66.951561	0.014936	150.642297	150.085678	149.156588	33828.389535	1.000000
637.000000	66.951767	0.014936	150.640946	149.783477	148.849113	33245.931837	2.000000
638.000000	66.952568	0.014936	150.545391	149.977444	148.691497	47571.206019	3.000000
639.000000	67.038712	0.014917	150.305294	149.509267	148.820665	41516.226948	1.000000
640.000000	66.992294	0.014927	150.528478	149.785095	148.955773	34558.622219	2.000000
641.000000	67.007401	0.014924	150.440579	149.941511	148.972333	31229.309622	2.000000
642.000000	66.913208	0.014945	150.195429	149.768392	148.930650	32165.222818	1.000000
643.000000	67.041222	0.014916	150.491350	149.912686	149.243538	31697.799583	1.000000
644.000000	67.005516	0.014924	150.859434	149.731955	148.805497	35551.186216	2.000000
645.000000	66.998535	0.014926	150.417726	149.693866	148.695996	37971.364016	1.000000
646.000000	67.116501	0.014899	150.280600	149.629946	149.382285	42301.157341	1.000000
647.000000	67.032005	0.014918	150.034872	150.027867	149.095916	33186.519104	1.000000
648.000000	67.014893	0.014922	150.388118	149.680486	148.621358	36634.813948	1.000000
649.000000	67.060860	0.014912	150.107867	149.612315	148.821046	48315.916443	1.000000
650.000000	67.047516	0.014915	149.740699	149.640747	149.223398	40286.101717	2.000000
651.000000	67.008682	0.014923	150.497974	149.965589	148.768871	36308.211614	2.000000
652.000000	66.959526	0.014934	150.730955	149.818497	149.262955	33176.039241	2.000000
653.000000	66.935593	0.014940	150.754402	149.912094	148.944568	30759.441905	2.000000
654.000000	66.927193	0.014942	150.360825	150.034287	149.293777	30292.857798	1.000000
655.000000	66.997047	0.014926	150.317116	150.126480	149.177181	31919.324203	2.000000
656.000000	67.006065	0.014924	150.529093	149.969331	148.906351	31103.287112	1.000000
657.000000	67.034386	0.014918	150.649152	149.833217	149.389936	33062.355166	2.000000
658.000000	67.108871	0.014901	150.510615	149.642214	149.546028	33216.774090	3.000000
659.000000	67.048744	0.014915	150.344957	149.940529	149.756088	33463.973183	3.000000
660.000000	67.093613	0.014905	150.664337	149.920521	148.813566	32226.556208	2.000000
661.000000	67.217476	0.014877	150.662363	149.979051	149.229865	45247.623805	2.000000
662.000000	66.998589	0.014926	150.697330	149.798754	148.967382	34421.809299	3.000000
663.000000	67.078156	0.014908	150.566573	149.788765	149.225311	35036.946892	3.000000
664.000000	66.975433	0.014931	150.876622	150.177897	149.115540	38056.994836	3.000000
665.000000	67.095619	0.014904	150.727993	149.983886	148.945309	35876.867007	3.000000
666.000000	67.056084	0.014913	150.996163	149.706800	149.452656	33608.319115	2.000000
667.000000	67.074944	0.014909	150.514155	149.740966	149.144960	39332.946774	2.000000
668.000000	67.062225	0.014912	150.618939	149.945041	149.315427	33530.318985	2.000000
669.000000	67.111267	0.014901	150.335353	149.996925	149.321281	37278.693699	2.000000
670.000000	67.136185	0.014895	150.431546	149.956451	149.046084	38512.185597	3.000000
671.000000	67.128128	0.014897	150.684036	150.754870	148.875247	50105.477177	1.000000
672.000000	67.197899	0.014881	150.907460	150.358663	149.044680	44491.829657	1.000000
673.000000	67.141449	0.014894	150.662565	149.874375	149.128476	41119.603254	3.000000
674.000000	67.089813	0.014905	150.589768	149.687599	148.696081	38856.754825	2.000000
675.000000	67.073769	0.014909	150.972628	149.526781	149.103220	43083.463552	2.000000
676.000000	67.112747	0.014900	150.564057	149.962014	149.150080	37317.445414	2.000000
677.000000	67.026611	0.014919	151.064381	149.950493	149.104547	35939.483396	2.000000
678.000000	67.018806	0.014921	150.520155	149.813147	149.033377	32295.545410	2.000000
679.000000	67.104759	0.014902	151.066508	149.943132	149.526122	35566.717897	3.000000
680.000000	67.076523	0.014908	150.878068	149.966264	149.219398	35918.694164	3.000000
681.000000	67.130287	0.014896	150.696766	149.872080	149.095337	43035.220161	2.000000
682.000000	67.170578	0.014887	150.648284	149.702210	149.303756	34488.686777	3.000000
683.000000	67.071251	0.014910	150.794074	150.292940	148.718742	37109.589243	1.000000
684.000000	67.028717	0.014919	150.457446	149.864168	148.817164	33795.693226	3.000000
685.000000	67.074883	0.014909	150.841976	150.102971	148.621542	31695.221923	2.000000
686.000000	67.170738	0.014887	150.507370	150.423849	149.031129	36037.178797	1.000000
687.000000	67.067451	0.014910	150.615407	149.831535	149.439961	38548.314841	1.000000
688.000000	67.119583	0.014899	150.519435	150.268830	149.402410	42761.022881	2.000000
689.000000	67.122932	0.014898	150.478147	150.102514	149.725063	34717.123634	1.000000
690.000000	67.185127	0.014884	150.396646	149.887325	148.941555	45167.449915	2.000000
691.000000	66.947105	0.014937	150.705975	150.384617	149.284194	33572.326693	1.000000
692.000000	67.078354	0.014908	150.343762	150.267396	149.508575	33274.472649	2.000000
693.000000	67.086113	0.014906	150.475043	150.127458	149.540416	32738.254011	2.000000
694.000000	67.146729	0.014893	150.492036	149.546855	149.361235	43404.696796	2.000000
695.000000	67.095276	0.014904	150.510005	150.131060	149.429938	37137.687425	2.000000
696.000000	67.081650	0.014907	150.598646	149.880047	149.668443	35971.028225	1.000000
697.000000	67.057472	0.014913	150.889100	150.151296	149.421565	37118.814808	1.000000
698.000000	67.159164	0.014890	150.574472	150.424158	149.168119	39218.772497	2.000000
699.000000	67.139816	0.014894	150.691190	150.443092	149.237757	39929.795933	2.000000
700.000000	67.145020	0.014893	150.618588	149.614610	149.617119	38993.950084	3.000000
701.000000	67.230209	0.014874	150.812534	149.764730	149.620179	48915.466120	2.000000
702.000000	67.268433	0.014866	150.797421	150.246954	149.431910	37824.273147	1.000000
703.000000	67.136162	0.014895	150.979072	149.945171	149.384523	33868.845555	1.000000
704.000000	67.111519	0.014901	150.685001	150.007153	149.074397	45730.224681	1.000000
705.000000	67.117271	0.014899	150.905244	149.586013	149.456068	35150.110570	2.000000
706.000000	67.074043	0.014909	150.310735	149.836339	149.097853	43105.872618	1.000000
707.000000	67.163818	0.014889	151.041653	150.263318	149.672508	52819.329786	1.000000
708.000000	67.180359	0.014885	150.252062	149.901994	149.407003	51690.470465	1.000000
709.000000	67.296768	0.014860	150.283345	150.171059	149.109929	45603.992270	2.000000
710.000000	67.134964	0.014895	150.910123	150.194613	149.128242	43063.088213	2.000000
711.000000	67.110756	0.014901	150.647054	149.774454	149.709961	36940.942097	2.000000
712.000000	67.092361	0.014905	150.389889	150.090239	149.658571	31661.205687	3.000000
713.000000	67.041328	0.014916	150.825355	149.996740	149.618618	31206.836117	2.000000
714.000000	67.080475	0.014907	150.500214	149.598110	149.067900	39277.598809	3.000000
715.000000	67.124702	0.014898	150.647479	150.182545	149.270459	43142.821846	2.000000
716.000000	67.040253	0.014916	151.142082	150.236349	149.423540	42045.218037	2.000000
717.000000	66.969101	0.014932	150.757214	150.049484	149.377047	40559.197633	1.000000
718.000000	66.982491	0.014929	150.721125	150.087789	149.702573	39469.901271	1.000000
719.000000	67.079475	0.014908	151.224901	149.597386	149.412050	40069.319905	1.000000
720.000000	67.128014	0.014897	150.852406	150.571657	149.678261	35593.310469	1.000000
721.000000	67.053291	0.014914	150.622085	150.524957	149.713464	38794.582132	2.000000
722.000000	66.949577	0.014937	150.936611	150.204737	149.469543	34234.838546	2.000000
723.000000	67.135002	0.014895	150.645445	149.945518	149.336145	45092.973197	2.000000
724.000000	67.041328	0.014916	150.851758	149.724643	149.537962	30424.207624	1.000000
725.000000	67.063225	0.014911	150.718033	149.930739	149.281342	36970.983680	3.000000
726.000000	67.083931	0.014907	150.469575	150.173037	149.521545	36753.536354	2.000000
727.000000	67.023064	0.014920	150.389926	150.152286	149.442239	32047.003549	1.000000
728.000000	66.972626	0.014931	150.310273	149.734338	149.407437	31668.339437	3.000000
729.000000	66.967667	0.014933	150.486499	149.886442	149.301095	32546.198892	1.000000
730.000000	67.055130	0.014913	150.683452	150.157718	149.600950	34354.469740	1.000000
731.000000	67.025879	0.014920	150.757695	149.987774	149.421158	42687.383280	2.000000
732.000000	67.060944	0.014912	150.495527	149.906110	149.279293	46991.780783	1.000000
733.000000	67.057755	0.014913	150.855822	149.662371	149.509321	44310.762516	1.000000
734.000000	67.079666	0.014908	150.746590	150.195182	148.915671	35895.616125	1.000000
735.000000	67.099739	0.014903	150.515589	150.001060	149.093630	37674.190546	1.000000
736.000000	67.118324	0.014899	150.349271	149.820814	149.496670	35664.355922	1.000000
737.000000	67.082687	0.014907	150.968917	150.370091	149.168933	34383.132240	1.000000
738.000000	67.123810	0.014898	150.595980	150.362685	149.034970	34047.857781	2.000000
739.000000	66.977455	0.014930	150.619900	150.081721	148.800163	33688.531790	1.000000
740.000000	67.024712	0.014920	150.681566	150.129624	148.926391	37324.722250	2.000000
741.000000	67.103462	0.014902	151.010851	149.751823	148.759297	38975.533774	3.000000
742.000000	67.099037	0.014903	150.731531	150.109879	149.391511	38750.424915	2.000000
743.000000	66.971504	0.014932	150.450677	149.753979	149.214773	36674.491248	2.000000
744.000000	67.081718	0.014907	150.761654	149.834747	149.879241	32691.186204	2.000000
745.000000	67.067940	0.014910	150.540913	150.055879	148.906680	32554.433491	1.000000
746.000000	66.932335	0.014940	150.959724	149.743991	149.164723	35544.519677	2.000000
747.000000	67.045822	0.014915	150.858212	150.269034	149.167387	36876.812059	2.000000
748.000000	67.058563	0.014912	150.648766	149.805026	149.469688	31662.722364	2.000000
749.000000	67.027504	0.014919	150.696694	149.918455	149.382903	40084.605698	2.000000
750.000000	67.052895	0.014914	150.606375	150.155061	149.475414	37665.752846	1.000000
751.000000	67.197456	0.014882	150.148831	150.282200	149.136027	40197.505683	2.000000
752.000000	67.030937	0.014918	150.568261	150.328265	149.340717	50103.625248	1.000000
753.000000	67.178703	0.014886	150.545165	150.152331	149.025142	53327.864735	1.000000
754.000000	67.031723	0.014918	150.442392	150.003711	149.375794	35537.002427	3.000000
755.000000	67.143913	0.014893	150.433267	149.981311	149.209593	35400.510539	3.000000
756.000000	66.950897	0.014936	150.716449	149.984912	149.573625	37426.305909	1.000000
757.000000	66.949860	0.014937	150.718450	150.138232	149.126787	38427.044708	1.000000
758.000000	67.043861	0.014916	150.941859	149.597243	149.254446	48699.437966	3.000000
759.000000	66.998238	0.014926	150.334221	149.639959	148.956100	40573.702737	1.000000
760.000000	67.074280	0.014909	150.509433	149.928409	149.286843	38712.896418	1.000000
761.000000	66.967438	0.014933	150.598166	149.827247	149.100644	32624.902256	2.000000
762.000000	67.024124	0.014920	150.022435	150.057616	149.359430	30492.954926	3.000000
763.000000	67.057045	0.014913	150.485398	149.841077	149.289787	34308.961285	1.000000
764.000000	66.980423	0.014930	150.108754	150.018402	149.503910	36323.048793	1.000000
765.000000	67.138649	0.014895	150.351749	149.994256	149.770901	45204.657971	2.000000
766.000000	67.012756	0.014923	150.408220	149.689810	149.291622	46111.621071	1.000000
767.000000	66.987663	0.014928	150.658808	149.499806	148.678535	44032.011846	2.000000
768.000000	67.018730	0.014921	150.802437	149.722642	149.321424	38212.026288	1.000000
769.000000	67.067787	0.014910	150.903002	150.103938	149.040163	35855.361939	1.000000
770.000000	67.093620	0.014905	150.576944	149.413550	149.001445	39568.284150	2.000000
771.000000	67.132996	0.014896	150.198056	149.945322	148.944018	44680.562553	1.000000
772.000000	67.018440	0.014921	150.253818	149.826999	149.454674	39699.937501	1.000000
773.000000	66.876442	0.014953	150.659038	150.184381	149.173741	33486.151170	3.000000
774.000000	66.995682	0.014926	150.345661	149.850320	149.224688	38594.337990	2.000000
775.000000	67.121361	0.014898	150.633649	150.002340	149.433897	42843.993178	2.000000
776.000000	67.087608	0.014906	150.642528	149.814503	149.015226	39309.552747	3.000000
777.000000	67.026932	0.014919	150.363641	149.823900	149.665128	37990.306489	2.000000
778.000000	67.088066	0.014906	150.329781	150.002631	148.973116	45740.931941	1.000000
779.000000	66.987411	0.014928	150.641621	150.320129	148.924929	41085.699540	2.000000
780.000000	66.996208	0.014926	150.438527	149.791942	149.328061	41261.437224	1.000000
781.000000	67.122253	0.014898	150.217550	149.642057	149.689930	39372.131091	2.000000
782.000000	67.092873	0.014905	150.476145	149.822265	148.585722	43271.283991	1.000000
783.000000	67.103996	0.014902	150.359606	149.601073	149.159524	37986.127666	1.000000
784.000000	66.995598	0.014926	150.307430	149.859504	149.286654	34989.330759	2.000000
785.000000	66.969902	0.014932	150.374787	149.924709	148.924430	29346.906548	3.000000
786.000000	67.043022	0.014916	150.393249	149.620761	149.571463	35327.148417	3.000000
787.000000	67.028046	0.014919	150.425293	150.096234	149.080091	32200.235886	2.000000
788.000000	67.112038	0.014900	150.153673	149.332693	149.338595	39704.227374	1.000000
789.000000	67.035583	0.014917	150.594395	149.650056	149.339805	40688.356218	3.000000
790.000000	67.066917	0.014910	150.556366	150.214211	149.489642	35833.088140	2.000000
791.000000	67.066597	0.014911	150.609154	150.103190	149.640803	32814.414403	2.000000
792.000000	66.972374	0.014932	150.338871	149.695670	149.458396	35726.508334	3.000000
793.000000	67.100838	0.014903	150.733369	149.891521	149.207286	34908.921575	2.000000
794.000000	67.086433	0.014906	150.846697	149.835810	149.404596	33922.759453	1.000000
795.000000	67.063393	0.014911	150.477428	149.854359	149.697857	31623.479534	2.000000
796.000000	66.934792	0.014940	150.073024	149.913529	149.346743	39014.826540	2.000000
797.000000	67.119568	0.014899	150.983783	150.260489	149.082858	34561.898361	1.000000
798.000000	67.084282	0.014907	150.773938	150.021177	149.314050	35233.247287	1.000000
799.000000	67.153122	0.014891	150.443688	149.676607	149.098661	31775.663920	1.000000
800.000000	67.052414	0.014914	150.735185	149.790914	149.124349	30591.552201	1.000000
801.000000	67.068214	0.014910	150.223560	149.632701	149.514339	35405.990304	2.000000
802.000000	67.044380	0.014915	150.296644	149.830463	149.562832	32103.220597	3.000000
803.000000	67.175423	0.014886	150.424627	149.752187	149.348577	34036.843625	1.000000
804.000000	67.084274	0.014907	150.573605	149.873581	149.160270	38215.668785	1.000000
805.000000	67.096581	0.014904	150.191844	150.006425	149.341840	38385.864496	2.000000
806.000000	67.055916	0.014913	150.317866	149.780321	148.986272	35865.979598	1.000000
807.000000	67.091949	0.014905	150.309871	150.005398	149.161991	39284.944060	3.000000
808.000000	67.098053	0.014904	150.467348	149.857262	149.276457	40783.866579	2.000000
809.000000	67.023560	0.014920	150.410865	149.883842	148.963087	33110.759942	2.000000
810.000000	67.018860	0.014921	150.819351	149.939014	149.280248	37206.826156	2.000000
811.000000	67.021523	0.014921	150.599040	149.629754	148.989068	35111.985669	1.000000
812.000000	66.965843	0.014933	150.371034	149.641911	149.161269	31239.319189	3.000000
813.000000	67.155037	0.014891	150.616264	149.677990	149.049200	35866.724806	2.000000
814.000000	67.033028	0.014918	150.630349	149.610305	148.720058	34333.103407	1.000000
815.000000	67.076683	0.014908	150.546892	150.038545	149.129818	35627.278383	1.000000
816.000000	67.053276	0.014914	150.294902	149.668676	149.369514	42449.111185	2.000000
817.000000	67.083847	0.014907	150.618041	150.243769	149.100172	37651.384529	3.000000
818.000000	67.206024	0.014880	150.456623	149.814566	148.859325	42821.029363	2.000000
819.000000	67.062340	0.014911	151.024866	149.562942	149.173877	37673.967145	2.000000
820.000000	67.183205	0.014885	150.098463	149.647910	149.404901	36372.415909	1.000000
821.000000	66.991829	0.014927	150.485058	150.010228	149.233999	37121.037756	1.000000
822.000000	67.045876	0.014915	150.267986	150.022263	149.229622	38898.131248	1.000000
823.000000	67.098412	0.014903	150.059152	149.496684	149.523850	36886.111914	2.000000
824.000000	67.104828	0.014902	150.316766	149.736188	149.266218	34903.515510	2.000000
825.000000	67.006256	0.014924	150.274313	149.793937	149.297014	34060.399748	1.000000
826.000000	67.095085	0.014904	150.731490	149.515369	148.944724	32250.795921	3.000000
827.000000	67.072121	0.014909	150.301058	150.050730	148.996910	34173.559978	2.000000
828.000000	67.065872	0.014911	150.302861	149.851068	148.930024	39156.410370	1.000000
829.000000	67.046402	0.014915	150.754439	149.934019	149.488640	34657.074872	2.000000
830.000000	67.094345	0.014904	150.254378	150.375293	149.163663	39696.897681	1.000000
831.000000	67.050011	0.014914	150.682282	149.845183	149.157557	43732.679158	2.000000
832.000000	67.104027	0.014902	150.263369	149.799084	149.095738	35034.563632	2.000000
833.000000	67.058495	0.014912	150.030604	150.463643	149.169159	39358.104246	2.000000
834.000000	67.162170	0.014889	150.486951	150.320337	149.308670	36483.597592	1.000000
835.000000	67.075623	0.014909	150.609734	149.479133	149.351531	42530.707941	1.000000
836.000000	67.008850	0.014923	150.575216	150.138820	148.945977	34085.391549	2.000000
837.000000	67.128120	0.014897	150.817011	150.216195	149.287042	50961.224206	2.000000
838.000000	67.126793	0.014897	150.732035	150.601152	149.418903	36448.709797	1.000000
839.000000	67.170692	0.014887	150.289418	149.884903	149.059138	45581.179093	1.000000
840.000000	67.066307	0.014911	150.379226	150.171422	149.306607	37929.723383	2.000000
841.000000	67.156151	0.014891	150.295378	149.932680	148.921946	39179.105885	3.000000
842.000000	67.205330	0.014880	150.319846	150.154618	149.150945	40422.290249	2.000000
843.000000	67.065857	0.014911	150.293688	150.296009	149.540065	35747.129922	1.000000
844.000000	67.075089	0.014909	150.084415	150.383791	148.948606	30827.774375	1.000000
845.000000	67.109360	0.014901	150.036919	150.378759	149.327405	38292.219392	3.000000
846.000000	66.992287	0.014927	150.256800	150.213389	149.097855	40921.739507	1.000000
847.000000	66.985405	0.014929	150.575506	150.622116	149.273130	33642.758195	2.000000
848.000000	67.032555	0.014918	150.157005	150.186296	148.833881	31654.035354	2.000000
849.000000	67.087608	0.014906	150.539691	149.906880	149.355704	39601.186010	1.000000
850.000000	67.012901	0.014922	150.332715	150.319368	148.672239	36210.223882	1.000000
851.000000	67.165939	0.014888	150.269510	150.216540	149.120978	34741.637741	1.000000
852.000000	67.088257	0.014906	150.256531	150.364026	149.111000	40925.557852	2.000000
853.000000	67.040581	0.014916	150.116251	150.392192	148.841726	38297.270261	2.000000
854.000000	67.079353	0.014908	150.005444	150.257297	149.130767	33534.207375	2.000000
855.000000	67.195694	0.014882	150.379346	150.523451	149.060664	33194.104878	3.000000
856.000000	66.958633	0.014935	150.266622	150.326652	149.093984	38428.484947	2.000000
857.000000	67.006622	0.014924	150.182655	150.286907	149.088961	35895.792831	2.000000
858.000000	67.063477	0.014911	150.182623	150.206044	148.894771	55332.797500	2.000000
859.000000	67.057755	0.014913	150.606954	150.184076	148.559980	40339.664548	1.000000
860.000000	66.980339	0.014930	150.026030	150.119061	148.623920	33003.326601	2.000000
861.000000	67.081474	0.014907	149.875844	150.228208	148.964025	35979.189129	1.000000
862.000000	67.060768	0.014912	150.210843	150.209142	149.013657	36306.661267	1.000000
863.000000	67.086708	0.014906	149.934210	150.402862	149.081559	32155.867604	1.000000
864.000000	67.064507	0.014911	150.243358	150.217822	148.711224	32495.413518	3.000000
865.000000	67.035683	0.014917	150.426365	150.237881	148.979379	31311.602460	2.000000
866.000000	67.086922	0.014906	150.302929	149.917660	148.768246	32594.716384	2.000000
867.000000	67.047874	0.014915	150.646310	150.077967	149.040592	31287.962280	3.000000
868.000000	66.946754	0.014937	150.668096	150.199494	149.399316	28906.882825	2.000000
869.000000	66.940933	0.014939	150.248056	150.150664	149.384608	34627.954124	2.000000
870.000000	67.010712	0.014923	150.809357	150.352164	149.110168	35933.947562	2.000000
871.000000	67.127823	0.014897	150.121214	150.366139	148.971365	42321.787697	1.000000
872.000000	67.160805	0.014890	150.562428	150.062649	148.918590	38896.100320	2.000000
873.000000	67.103432	0.014902	150.600932	150.087022	149.256868	37407.855642	2.000000
874.000000	67.049858	0.014914	150.369165	150.299286	149.176126	30984.128421	3.000000
875.000000	67.138184	0.014895	150.501838	149.582620	148.968455	32168.801781	3.000000
876.000000	67.058693	0.014912	149.887886	150.048670	149.201751	32432.055480	2.000000
877.000000	67.136421	0.014895	150.072290	150.625169	148.894269	47562.535035	1.000000
878.000000	67.088135	0.014906	150.537169	150.425543	148.968895	37829.482049	1.000000
879.000000	67.021706	0.014921	150.134012	150.297999	149.149355	29335.509491	2.000000
880.000000	67.092598	0.014905	150.373945	150.276138	149.069972	35178.248115	2.000000
881.000000	66.964684	0.014933	150.227648	150.245658	148.771204	31559.981247	1.000000
882.000000	67.057793	0.014913	150.227482	150.707546	148.337349	34048.261749	2.000000
883.000000	67.111450	0.014901	150.051633	149.598271	149.172231	30834.699869	1.000000
884.000000	67.085190	0.014906	150.172016	150.054669	148.999989	34951.895089	3.000000
885.000000	67.037109	0.014917	150.359722	149.997193	148.530287	34064.703748	1.000000
886.000000	66.981766	0.014929	150.660448	150.187667	149.079260	37642.176275	2.000000
887.000000	67.115601	0.014900	150.573935	149.713926	148.718282	37427.175417	1.000000
888.000000	67.132545	0.014896	150.628922	149.557870	148.787943	43087.334405	2.000000
889.000000	67.167290	0.014888	150.176717	150.126355	148.826533	40936.456315	2.000000
890.000000	67.073380	0.014909	150.000327	150.390357	148.423393	33684.587512	2.000000
891.000000	66.981987	0.014929	150.128724	149.975784	148.875764	31767.663061	1.000000
892.000000	67.108902	0.014901	150.630738	149.978050	148.403104	40232.729204	2.000000
893.000000	67.103416	0.014902	150.378319	149.776778	148.809521	39364.776629	1.000000
894.000000	67.116646	0.014899	150.454224	149.756436	148.915343	42467.206092	1.000000
895.000000	67.028984	0.014919	150.488670	149.925518	148.889908	35263.491446	1.000000
896.000000	67.095154	0.014904	150.705701	149.925693	149.040238	43273.874648	3.000000
897.000000	67.172462	0.014887	150.166608	149.813855	148.672663	35434.772579	1.000000
898.000000	67.148689	0.014892	150.146944	150.083279	148.664304	34177.539350	2.000000
899.000000	66.993866	0.014927	150.160248	149.740513	149.009998	35466.839673	1.000000
900.000000	67.213264	0.014878	150.032770	150.065662	149.166057	37427.913367	2.000000
901.000000	67.112694	0.014900	150.037327	150.100006	149.391466	35128.252002	1.000000
902.000000	67.011208	0.014923	149.831530	150.147798	149.268298	32917.529362	2.000000
903.000000	67.097809	0.014904	150.361764	150.043908	148.748812	40175.078505	1.000000
904.000000	67.112213	0.014900	150.272368	150.171872	148.575602	42532.368224	1.000000
905.000000	67.104340	0.014902	149.951610	150.436490	148.467542	39929.447821	2.000000
906.000000	67.303627	0.014858	150.341831	150.160474	149.019804	48386.930724	2.000000
907.000000	67.140755	0.014894	149.743420	150.415033	149.017991	42716.164436	1.000000
908.000000	67.016647	0.014922	150.131301	150.131892	149.265444	38570.020773	1.000000
909.000000	67.096016	0.014904	149.933895	149.923613	148.866008	42751.599595	2.000000
910.000000	67.157249	0.014890	150.572494	150.060909	148.681497	37195.914222	2.000000
911.000000	67.103767	0.014902	150.101145	149.603653	148.923889	37089.470025	1.000000
912.000000	67.106018	0.014902	150.404922	150.129892	149.233612	31468.930658	3.000000
913.000000	67.101036	0.014903	150.166183	150.272905	149.196100	30053.572258	2.000000
914.000000	66.985016	0.014929	150.231808	149.987094	148.813476	35008.831866	3.000000
915.000000	67.166100	0.014888	150.062776	149.829970	148.851009	37396.540208	3.000000
916.000000	67.269348	0.014866	150.210399	150.285279	149.232254	52043.652330	2.000000
917.000000	67.044327	0.014916	150.332407	149.957371	149.054121	43854.559296	2.000000
918.000000	66.990829	0.014927	150.216644	149.244346	149.062943	35715.922049	1.000000
919.000000	67.075371	0.014909	150.271361	150.340831	148.968436	32242.982070	3.000000
920.000000	67.080566	0.014907	150.414228	150.198011	149.392034	29691.101931	3.000000
921.000000	67.138039	0.014895	150.003263	150.193758	149.141654	28685.562876	2.000000
922.000000	67.178093	0.014886	150.497939	149.924264	149.279066	42931.785085	1.000000
923.000000	67.141151	0.014894	150.213011	150.112959	149.347183	37733.666786	1.000000
924.000000	67.137535	0.014895	150.820424	150.488908	149.386969	35321.151687	2.000000
925.000000	67.020416	0.014921	150.405042	149.408550	148.825762	35623.984253	2.000000
926.000000	67.160378	0.014890	150.360417	149.755625	149.247439	38524.606888	1.000000
927.000000	67.198441	0.014881	150.361880	150.153969	149.419868	39158.457542	1.000000
928.000000	66.974167	0.014931	150.432993	149.700518	149.238618	34220.409318	3.000000
929.000000	67.113510	0.014900	150.354667	150.283068	149.045726	40032.507699	1.000000
930.000000	67.030937	0.014918	150.273376	150.254487	148.934509	37708.987430	2.000000
931.000000	67.105537	0.014902	150.131313	150.345062	149.399783	35693.898857	1.000000
932.000000	67.116920	0.014899	150.294619	149.930793	148.910262	40777.306586	1.000000
933.000000	67.054482	0.014913	150.635340	150.009781	149.070455	37126.036809	3.000000
934.000000	67.132690	0.014896	150.498429	150.068823	149.291198	39706.499731	1.000000
935.000000	67.021942	0.014920	150.456997	150.161209	149.108579	40339.860603	1.000000
936.000000	67.122673	0.014898	150.278396	150.241515	149.329175	43678.995427	3.000000
937.000000	67.064774	0.014911	149.920576	150.134029	148.827600	44771.170066	2.000000
938.000000	67.156151	0.014891	150.256524	149.973983	149.060160	38522.071750	1.000000
939.000000	67.018669	0.014921	150.497092	150.118480	149.323769	31355.288197	2.000000
940.000000	67.146606	0.014893	150.531600	150.382683	148.867490	39391.210097	1.000000
941.000000	67.064438	0.014911	150.876361	149.991608	148.967872	40076.766968	3.000000
942.000000	67.070023	0.014910	150.212242	150.285959	149.318891	35119.042966	2.000000
943.000000	67.090431	0.014905	150.458775	150.438874	149.103814	37413.990952	2.000000
944.000000	67.062981	0.014911	151.083555	150.260132	149.059876	31984.078737	2.000000
945.000000	66.974846	0.014931	150.558905	150.037721	149.122367	32136.715218	1.000000
946.000000	67.104256	0.014902	150.560302	150.256339	148.929695	41375.407520	2.000000
947.000000	67.139839	0.014894	150.555618	149.734700	148.805120	33222.392227	3.000000
948.000000	67.114418	0.014900	150.806355	149.963023	149.543594	45163.714538	1.000000
949.000000	67.164734	0.014889	150.554673	150.350362	148.868093	36137.767902	2.000000
950.000000	67.094849	0.014904	150.574718	150.195631	149.102929	34950.775799	2.000000
951.000000	67.083679	0.014907	150.777219	150.222318	148.893944	39083.617678	1.000000
952.000000	67.066689	0.014911	150.883600	149.584212	148.983125	52544.901923	2.000000
953.000000	66.976585	0.014931	150.322112	149.785395	149.383277	37103.675039	1.000000
954.000000	67.009605	0.014923	150.572655	150.401271	148.832604	34082.354888	1.000000
955.000000	67.023331	0.014920	150.480777	150.248284	149.205839	34493.901053	1.000000
956.000000	67.049606	0.014914	150.390382	149.853789	149.037648	36033.964989	1.000000
957.000000	67.038589	0.014917	150.495336	149.948829	148.939937	37321.367091	1.000000
958.000000	67.066902	0.014910	149.999942	150.126123	148.883171	34668.164687	2.000000
959.000000	67.159203	0.014890	150.610657	150.437767	148.788152	41624.974727	1.000000
960.000000	67.131126	0.014896	150.221169	150.013390	149.123244	38282.647830	1.000000
961.000000	67.037231	0.014917	150.019296	150.157475	148.856520	37396.277476	3.000000
962.000000	67.050545	0.014914	150.221786	149.952615	149.106314	36251.605492	1.000000
963.000000	67.022514	0.014920	150.069597	150.049393	149.525159	38013.124808	3.000000
964.000000	67.019173	0.014921	150.647016	150.133078	149.210016	40716.693298	1.000000
965.000000	67.078568	0.014908	149.617067	149.977681	149.518999	34780.760608	1.000000
966.000000	67.085129	0.014906	150.315984	149.871911	149.220758	36039.454919	2.000000
967.000000	67.036453	0.014917	150.519008	150.228424	149.038968	35798.876287	2.000000
968.000000	67.078407	0.014908	150.343656	150.042015	148.952538	39767.753917	1.000000
969.000000	67.136307	0.014895	150.453808	150.102543	149.629727	51833.094308	3.000000
970.000000	66.972122	0.014932	150.482159	149.542558	149.421844	35115.005534	2.000000
971.000000	67.111359	0.014901	149.641803	149.913339	149.220916	38268.943649	2.000000
972.000000	66.951736	0.014936	150.325043	149.989182	149.626296	29850.948813	3.000000
973.000000	67.181854	0.014885	150.646726	150.308733	149.216589	40259.166490	1.000000
974.000000	66.996506	0.014926	150.673903	149.976968	149.109650	34786.286689	1.000000
975.000000	67.127777	0.014897	150.083714	149.997739	148.803060	30549.123725	3.000000
976.000000	67.137436	0.014895	150.553845	149.780255	148.667594	44265.300450	1.000000
977.000000	67.048195	0.014915	150.075647	149.869847	148.937114	37041.001975	2.000000
978.000000	66.946907	0.014937	149.916794	150.518104	148.902108	29287.008254	1.000000
979.000000	67.104782	0.014902	150.576920	149.921193	148.843291	33290.217790	2.000000
980.000000	67.171822	0.014887	150.491232	149.975837	149.076216	38677.503642	3.000000
981.000000	66.992821	0.014927	150.688635	149.871385	148.995808	32158.892324	2.000000
982.000000	67.092674	0.014905	150.523038	149.657805	148.958148	36596.212316	1.000000
983.000000	67.051254	0.014914	150.665112	150.028353	149.046855	38667.616867	1.000000
984.000000	67.070335	0.014910	150.378410	149.896445	149.215718	36647.582237	3.000000
985.000000	67.017471	0.014921	150.781932	149.807368	149.071037	38561.806966	2.000000
986.000000	67.044769	0.014915	150.782135	149.793773	149.009990	43950.485596	2.000000
987.000000	67.172478	0.014887	150.584141	150.020973	149.214105	45852.239002	3.000000
988.000000	67.200829	0.014881	150.181328	150.091735	148.667426	44489.888856	1.000000
989.000000	67.036835	0.014917	150.345149	150.093760	148.575944	32554.678071	3.000000
990.000000	67.125961	0.014897	150.343776	149.873030	148.816967	42207.721542	3.000000
991.000000	67.037369	0.014917	150.488700	149.806572	148.805449	35190.651648	1.000000
992.000000	67.203903	0.014880	150.748568	149.949990	148.908833	37352.566756	2.000000
993.000000	67.049316	0.014914	150.195471	150.114374	148.927252	33789.398216	2.000000
994.000000	67.124290	0.014898	150.426746	150.057805	148.503745	41153.564591	1.000000
995.000000	67.035316	0.014918	150.096454	150.076995	148.891417	38917.763735	1.000000
996.000000	67.093170	0.014905	150.297057	150.144666	149.085267	47843.566311	2.000000
997.000000	67.065422	0.014911	150.039280	150.047439	149.000715	46371.860089	1.000000
998.000000	67.047913	0.014915	150.564291	150.036683	148.775048	38896.990226	3.000000
999.000000	67.157684	0.014890	150.121816	150.182455	149.133295	38339.017737	2.000000
1000.000000	67.074142	0.014909	150.234917	149.974399	149.076305	37634.912785	1.000000
